# 温度测量数据文件
time	T0	T1	T2	T3
0.0	25	25	25	25
0.5	171.241	31.4759	25.2142	25.0062
1	260.465	51.4205	26.6587	25.0766
1.5	305.125	78.3177	30.4704	25.3708
2	332.163	105.503	36.9156	26.1003
2.5	350.588	130.154	45.4644	27.4216
3	364.128	151.684	55.315	29.3754
3.5	374.585	170.317	65.7927	31.895
4	382.965	186.473	76.4203	34.8504
4.5	389.872	200.564	86.8561	38.0922
5	395.688	212.943	96.887	41.4807
5.5	400.668	223.927	106.39	44.9011
6	404.99	233.729	115.301	48.2667
6.5	408.782	242.517	123.598	51.5171
7	412.136	250.426	131.283	54.617
7.5	415.124	257.566	138.374	57.5467
8	417.801	264.036	144.897	60.2936
8.5	420.209	269.909	150.886	62.8535
9	422.383	275.249	156.375	65.228
9.5	424.352	280.11	161.4	67.4226
10	426.137	284.539	165.997	69.4453
10.5	427.76	288.577	170.199	71.3056
11	429.237	292.261	174.038	73.0137
11.5	430.582	295.622	177.544	74.58
12	431.807	298.691	180.745	76.0149
12.5	432.926	301.492	183.668	77.3284
13	433.946	304.051	186.337	78.5301
13.5	434.877	306.388	188.772	79.629
14	435.728	308.523	190.995	80.6335
14.5	436.504	310.473	193.024	81.5515
15	437.213	312.254	194.876	82.3903
15.5	437.861	313.881	196.566	83.1567
16	438.453	315.367	198.11	83.8567
16.5	438.994	316.725	199.518	84.4962
17	439.487	317.966	200.804	85.0802
17.5	439.939	319.099	201.978	85.6137
18	440.351	320.135	203.05	86.1008
18.5	440.727	321.081	204.03	86.5457
19	441.071	321.945	204.924	86.9521
19.5	441.386	322.734	205.741	87.3232
20	441.673	323.455	206.487	87.6622
20.5	441.935	324.114	207.168	87.9717
21	442.175	324.715	207.791	88.2544
21.5	442.393	325.265	208.359	88.5126
22	442.593	325.767	208.878	88.7484
22.5	442.776	326.226	209.352	88.9637
23	442.943	326.644	209.785	89.1604
23.5	443.095	327.027	210.181	89.34
24	443.234	327.377	210.542	89.504
24.5	443.362	327.696	210.872	89.6539
25	443.478	327.988	211.174	89.7907
25.5	443.584	328.254	211.449	89.9157
26	443.681	328.497	211.7	90.0299
26.5	443.769	328.72	211.93	90.1341
27	443.85	328.923	212.139	90.2294
27.5	443.924	329.108	212.331	90.3163
28	443.991	329.277	212.506	90.3958
28.5	444.053	329.432	212.666	90.4683
29	444.109	329.574	212.812	90.5346
29.5	444.161	329.703	212.945	90.5951
30	444.208	329.821	213.067	90.6504
30.5	444.251	329.928	213.178	90.7009
31	444.29	330.027	213.279	90.747
31.5	444.326	330.116	213.372	90.7892
32	444.358	330.199	213.457	90.8276
32.5	444.388	330.273	213.534	90.8628
33	444.416	330.342	213.605	90.8949
33.5	444.44	330.404	213.67	90.9242
34	444.463	330.462	213.729	90.951
34.5	444.484	330.514	213.782	90.9754
35	444.503	330.561	213.832	90.9977
35.5	444.52	330.605	213.877	91.0182
36	444.536	330.645	213.918	91.0368
36.5	444.551	330.681	213.955	91.0538
37	444.564	330.714	213.989	91.0694
37.5	444.576	330.745	214.021	91.0836
38	444.587	330.772	214.049	91.0965
38.5	444.597	330.797	214.075	91.1084
39	444.606	330.821	214.099	91.1192
39.5	444.615	330.842	214.121	91.1291
40	444.622	330.861	214.141	91.1381
40.5	444.629	330.878	214.159	91.1463
41	444.636	330.895	214.176	91.1539
41.5	444.642	330.909	214.191	91.1608
42	444.647	330.923	214.204	91.167
42.5	444.652	330.935	214.217	91.1728
43	444.656	330.946	214.229	91.178
43.5	444.66	330.956	214.239	91.1828
44	444.664	330.966	214.249	91.1872
44.5	444.667	330.974	214.258	91.1912
45	444.67	330.982	214.266	91.1948
45.5	444.673	330.989	214.273	91.1981
46	444.676	330.995	214.28	91.2012
46.5	444.678	331.001	214.286	91.204
47	444.68	331.007	214.291	91.2065
47.5	444.682	331.012	214.297	91.2088
48	444.684	331.016	214.301	91.2109
48.5	444.686	331.02	214.305	91.2129
49	444.687	331.024	214.309	91.2146
49.5	444.689	331.028	214.313	91.2163
50	444.69	331.031	214.316	91.2177
50.5	444.691	331.034	214.319	91.2191
51	444.692	331.036	214.322	91.2203
51.5	444.693	331.039	214.324	91.2214
52	444.694	331.041	214.327	91.2225
52.5	444.695	331.043	214.329	91.2234
53	444.695	331.045	214.331	91.2243
53.5	444.696	331.046	214.332	91.225
54	444.697	331.048	214.334	91.2257
54.5	444.697	331.049	214.335	91.2264
55	444.698	331.051	214.337	91.227
55.5	444.698	331.052	214.338	91.2275
56	444.699	331.053	214.339	91.228
56.5	444.699	331.054	214.34	91.2285
57	444.699	331.055	214.341	91.2289
57.5	444.7	331.055	214.342	91.2293
58	444.7	331.056	214.342	91.2296
58.5	444.7	331.057	214.343	91.2299
59	444.701	331.057	214.344	91.2302
59.5	444.701	331.058	214.344	91.2305
60	444.701	331.059	214.345	91.2307
60.5	444.701	331.059	214.345	91.231
61	444.701	331.059	214.346	91.2312
61.5	444.702	331.06	214.346	91.2313
62	444.702	331.06	214.347	91.2315
62.5	444.702	331.061	214.347	91.2317
63	444.702	331.061	214.347	91.2318
63.5	444.702	331.061	214.347	91.2319
64	444.702	331.061	214.348	91.232
64.5	444.702	331.062	214.348	91.2322
65	444.702	331.062	214.348	91.2323
65.5	444.702	331.062	214.348	91.2323
66	444.702	331.062	214.349	91.2324
66.5	444.702	331.062	214.349	91.2325
67	444.703	331.062	214.349	91.2326
67.5	444.703	331.063	214.349	91.2326
68	444.703	331.063	214.349	91.2327
68.5	444.703	331.063	214.349	91.2327
69	444.703	331.063	214.349	91.2328
69.5	444.703	331.063	214.349	91.2328
70	444.703	331.063	214.349	91.2329
70.5	444.703	331.063	214.35	91.2329
71	444.703	331.063	214.35	91.2329
71.5	444.703	331.063	214.35	91.233
72	444.703	331.063	214.35	91.233
72.5	444.703	331.063	214.35	91.233
73	444.703	331.063	214.35	91.233
73.5	444.703	331.064	214.35	91.2331
74	444.703	331.064	214.35	91.2331
74.5	444.703	331.064	214.35	91.2331
75	444.703	331.064	214.35	91.2331
75.5	444.703	331.064	214.35	91.2331
76	444.703	331.064	214.35	91.2331
76.5	444.703	331.064	214.35	91.2331
77	444.703	331.064	214.35	91.2332
77.5	444.703	331.064	214.35	91.2332
78	444.703	331.064	214.35	91.2332
78.5	444.703	331.064	214.35	91.2332
79	444.703	331.064	214.35	91.2332
79.5	444.703	331.064	214.35	91.2332
80	444.703	331.064	214.35	91.2332
80.5	444.703	331.064	214.35	91.2332
81	444.703	331.064	214.35	91.2332
81.5	444.703	331.064	214.35	91.2332
82	444.703	331.064	214.35	91.2332
82.5	444.703	331.064	214.35	91.2332
83	444.703	331.064	214.35	91.2332
83.5	444.703	331.064	214.35	91.2332
84	444.703	331.064	214.35	91.2332
84.5	444.703	331.064	214.35	91.2332
85	444.703	331.064	214.35	91.2333
85.5	444.703	331.064	214.35	91.2333
86	444.703	331.064	214.35	91.2333
86.5	444.703	331.064	214.35	91.2333
87	444.703	331.064	214.35	91.2333
87.5	444.703	331.064	214.35	91.2333
88	444.703	331.064	214.35	91.2333
88.5	444.703	331.064	214.35	91.2333
89	444.703	331.064	214.35	91.2333
89.5	444.703	331.064	214.35	91.2333
90	444.703	331.064	214.35	91.2333
90.5	444.703	331.064	214.35	91.2333
91	444.703	331.064	214.35	91.2333
91.5	444.703	331.064	214.35	91.2333
92	444.703	331.064	214.35	91.2333
92.5	444.703	331.064	214.35	91.2333
93	444.703	331.064	214.35	91.2333
93.5	444.703	331.064	214.35	91.2333
94	444.703	331.064	214.35	91.2333
94.5	444.703	331.064	214.35	91.2333
95	444.703	331.064	214.35	91.2333
95.5	444.703	331.064	214.35	91.2333
96	444.703	331.064	214.35	91.2333
96.5	444.703	331.064	214.35	91.2333
97	444.703	331.064	214.35	91.2333
97.5	444.703	331.064	214.35	91.2333
98	444.703	331.064	214.35	91.2333
98.5	444.703	331.064	214.35	91.2333
99	444.703	331.064	214.35	91.2333
99.5	444.703	331.064	214.35	91.2333
100	444.703	331.064	214.35	91.2333
100.5	444.703	331.064	214.35	91.2333
101	444.703	331.064	214.35	91.2333
101.5	444.703	331.064	214.35	91.2333
102	444.703	331.064	214.35	91.2333
102.5	444.703	331.064	214.35	91.2333
103	444.703	331.064	214.35	91.2333
103.5	444.703	331.064	214.35	91.2333
104	444.703	331.064	214.35	91.2333
104.5	444.703	331.064	214.35	91.2333
105	444.703	331.064	214.35	91.2333
105.5	444.703	331.064	214.35	91.2333
106	444.703	331.064	214.35	91.2333
106.5	444.703	331.064	214.35	91.2333
107	444.703	331.064	214.35	91.2333
107.5	444.703	331.064	214.35	91.2333
108	444.703	331.064	214.35	91.2333
108.5	444.703	331.064	214.35	91.2333
109	444.703	331.064	214.35	91.2333
109.5	444.703	331.064	214.35	91.2333
110	444.703	331.064	214.35	91.2333
110.5	444.703	331.064	214.35	91.2333
111	444.703	331.064	214.35	91.2333
111.5	444.703	331.064	214.35	91.2333
112	444.703	331.064	214.35	91.2333
112.5	444.703	331.064	214.35	91.2333
113	444.703	331.064	214.35	91.2333
113.5	444.703	331.064	214.35	91.2333
114	444.703	331.064	214.35	91.2333
114.5	444.703	331.064	214.35	91.2333
115	444.703	331.064	214.35	91.2333
115.5	444.703	331.064	214.35	91.2333
116	444.703	331.064	214.35	91.2333
116.5	444.703	331.064	214.35	91.2333
117	444.703	331.064	214.35	91.2333
117.5	444.703	331.064	214.35	91.2333
118	444.703	331.064	214.35	91.2333
118.5	444.703	331.064	214.35	91.2333
119	444.703	331.064	214.35	91.2333
119.5	444.703	331.064	214.35	91.2333
120	444.703	331.064	214.35	91.2333
120.5	444.703	331.064	214.35	91.2333
121	444.703	331.064	214.35	91.2333
121.5	444.703	331.064	214.35	91.2333
122	444.703	331.064	214.35	91.2333
122.5	444.703	331.064	214.35	91.2333
123	444.703	331.064	214.35	91.2333
123.5	444.703	331.064	214.35	91.2333
124	444.703	331.064	214.35	91.2333
124.5	444.703	331.064	214.35	91.2333
125	444.703	331.064	214.35	91.2333
125.5	444.703	331.064	214.35	91.2333
126	444.703	331.064	214.35	91.2333
126.5	444.703	331.064	214.35	91.2333
127	444.703	331.064	214.35	91.2333
127.5	444.703	331.064	214.35	91.2333
128	444.703	331.064	214.35	91.2333
128.5	444.703	331.064	214.35	91.2333
129	444.703	331.064	214.35	91.2333
129.5	444.703	331.064	214.35	91.2333
130	444.703	331.064	214.35	91.2333
130.5	444.703	331.064	214.35	91.2333
131	444.703	331.064	214.35	91.2333
131.5	444.703	331.064	214.35	91.2333
132	444.703	331.064	214.35	91.2333
132.5	444.703	331.064	214.35	91.2333
133	444.703	331.064	214.35	91.2333
133.5	444.703	331.064	214.35	91.2333
134	444.703	331.064	214.35	91.2333
134.5	444.703	331.064	214.35	91.2333
135	444.703	331.064	214.35	91.2333
135.5	444.703	331.064	214.35	91.2333
136	444.703	331.064	214.35	91.2333
136.5	444.703	331.064	214.35	91.2333
137	444.703	331.064	214.35	91.2333
137.5	444.703	331.064	214.35	91.2333
138	444.703	331.064	214.35	91.2333
138.5	444.703	331.064	214.35	91.2333
139	444.703	331.064	214.35	91.2333
139.5	444.703	331.064	214.35	91.2333
140	444.703	331.064	214.35	91.2333
140.5	444.703	331.064	214.35	91.2333
141	444.703	331.064	214.35	91.2333
141.5	444.703	331.064	214.35	91.2333
142	444.703	331.064	214.35	91.2333
142.5	444.703	331.064	214.35	91.2333
143	444.703	331.064	214.35	91.2333
143.5	444.703	331.064	214.35	91.2333
144	444.703	331.064	214.35	91.2333
144.5	444.703	331.064	214.35	91.2333
145	444.703	331.064	214.35	91.2333
145.5	444.703	331.064	214.35	91.2333
146	444.703	331.064	214.35	91.2333
146.5	444.703	331.064	214.35	91.2333
147	444.703	331.064	214.35	91.2333
147.5	444.703	331.064	214.35	91.2333
148	444.703	331.064	214.35	91.2333
148.5	444.703	331.064	214.35	91.2333
149	444.703	331.064	214.35	91.2333
149.5	444.703	331.064	214.35	91.2333
150	444.703	331.064	214.35	91.2333
150.5	444.703	331.064	214.35	91.2333
151	444.703	331.064	214.35	91.2333
151.5	444.703	331.064	214.35	91.2333
152	444.703	331.064	214.35	91.2333
152.5	444.703	331.064	214.35	91.2333
153	444.703	331.064	214.35	91.2333
153.5	444.703	331.064	214.35	91.2333
154	444.703	331.064	214.35	91.2333
154.5	444.703	331.064	214.35	91.2333
155	444.703	331.064	214.35	91.2333
155.5	444.703	331.064	214.35	91.2333
156	444.703	331.064	214.35	91.2333
156.5	444.703	331.064	214.35	91.2333
157	444.703	331.064	214.35	91.2333
157.5	444.703	331.064	214.35	91.2333
158	444.703	331.064	214.35	91.2333
158.5	444.703	331.064	214.35	91.2333
159	444.703	331.064	214.35	91.2333
159.5	444.703	331.064	214.35	91.2333
160	444.703	331.064	214.35	91.2333
160.5	444.703	331.064	214.35	91.2333
161	444.703	331.064	214.35	91.2333
161.5	444.703	331.064	214.35	91.2333
162	444.703	331.064	214.35	91.2333
162.5	444.703	331.064	214.35	91.2333
163	444.703	331.064	214.35	91.2333
163.5	444.703	331.064	214.35	91.2333
164	444.703	331.064	214.35	91.2333
164.5	444.703	331.064	214.35	91.2333
165	444.703	331.064	214.35	91.2333
165.5	444.703	331.064	214.35	91.2333
166	444.703	331.064	214.35	91.2333
166.5	444.703	331.064	214.35	91.2333
167	444.703	331.064	214.35	91.2333
167.5	444.703	331.064	214.35	91.2333
168	444.703	331.064	214.35	91.2333
168.5	444.703	331.064	214.35	91.2333
169	444.703	331.064	214.35	91.2333
169.5	444.703	331.064	214.35	91.2333
170	444.703	331.064	214.35	91.2333
170.5	444.703	331.064	214.35	91.2333
171	444.703	331.064	214.35	91.2333
171.5	444.703	331.064	214.35	91.2333
172	444.703	331.064	214.35	91.2333
172.5	444.703	331.064	214.35	91.2333
173	444.703	331.064	214.35	91.2333
173.5	444.703	331.064	214.35	91.2333
174	444.703	331.064	214.35	91.2333
174.5	444.703	331.064	214.35	91.2333
175	444.703	331.064	214.35	91.2333
175.5	444.703	331.064	214.35	91.2333
176	444.703	331.064	214.35	91.2333
176.5	444.703	331.064	214.35	91.2333
177	444.703	331.064	214.35	91.2333
177.5	444.703	331.064	214.35	91.2333
178	444.703	331.064	214.35	91.2333
178.5	444.703	331.064	214.35	91.2333
179	444.703	331.064	214.35	91.2333
179.5	444.703	331.064	214.35	91.2333
180	444.703	331.064	214.35	91.2333
180.5	444.703	331.064	214.35	91.2333
181	444.703	331.064	214.35	91.2333
181.5	444.703	331.064	214.35	91.2333
182	444.703	331.064	214.35	91.2333
182.5	444.703	331.064	214.35	91.2333
183	444.703	331.064	214.35	91.2333
183.5	444.703	331.064	214.35	91.2333
184	444.703	331.064	214.35	91.2333
184.5	444.703	331.064	214.35	91.2333
185	444.703	331.064	214.35	91.2333
185.5	444.703	331.064	214.35	91.2333
186	444.703	331.064	214.35	91.2333
186.5	444.703	331.064	214.35	91.2333
187	444.703	331.064	214.35	91.2333
187.5	444.703	331.064	214.35	91.2333
188	444.703	331.064	214.35	91.2333
188.5	444.703	331.064	214.35	91.2333
189	444.703	331.064	214.35	91.2333
189.5	444.703	331.064	214.35	91.2333
190	444.703	331.064	214.35	91.2333
190.5	444.703	331.064	214.35	91.2333
191	444.703	331.064	214.35	91.2333
191.5	444.703	331.064	214.35	91.2333
192	444.703	331.064	214.35	91.2333
192.5	444.703	331.064	214.35	91.2333
193	444.703	331.064	214.35	91.2333
193.5	444.703	331.064	214.35	91.2333
194	444.703	331.064	214.35	91.2333
194.5	444.703	331.064	214.35	91.2333
195	444.703	331.064	214.35	91.2333
195.5	444.703	331.064	214.35	91.2333
196	444.703	331.064	214.35	91.2333
196.5	444.703	331.064	214.35	91.2333
197	444.703	331.064	214.35	91.2333
197.5	444.703	331.064	214.35	91.2333
198	444.703	331.064	214.35	91.2333
198.5	444.703	331.064	214.35	91.2333
199	444.703	331.064	214.35	91.2333
199.5	444.703	331.064	214.35	91.2333
200	444.703	331.064	214.35	91.2333
200.5	444.703	331.064	214.35	91.2333
201	444.703	331.064	214.35	91.2333
201.5	444.703	331.064	214.35	91.2333
202	444.703	331.064	214.35	91.2333
202.5	444.703	331.064	214.35	91.2333
203	444.703	331.064	214.35	91.2333
203.5	444.703	331.064	214.35	91.2333
204	444.703	331.064	214.35	91.2333
204.5	444.703	331.064	214.35	91.2333
205	444.703	331.064	214.35	91.2333
205.5	444.703	331.064	214.35	91.2333
206	444.703	331.064	214.35	91.2333
206.5	444.703	331.064	214.35	91.2333
207	444.703	331.064	214.35	91.2333
207.5	444.703	331.064	214.35	91.2333
208	444.703	331.064	214.35	91.2333
208.5	444.703	331.064	214.35	91.2333
209	444.703	331.064	214.35	91.2333
209.5	444.703	331.064	214.35	91.2333
210	444.703	331.064	214.35	91.2333
210.5	444.703	331.064	214.35	91.2333
211	444.703	331.064	214.35	91.2333
211.5	444.703	331.064	214.35	91.2333
212	444.703	331.064	214.35	91.2333
212.5	444.703	331.064	214.35	91.2333
213	444.703	331.064	214.35	91.2333
213.5	444.703	331.064	214.35	91.2333
214	444.703	331.064	214.35	91.2333
214.5	444.703	331.064	214.35	91.2333
215	444.703	331.064	214.35	91.2333
215.5	444.703	331.064	214.35	91.2333
216	444.703	331.064	214.35	91.2333
216.5	444.703	331.064	214.35	91.2333
217	444.703	331.064	214.35	91.2333
217.5	444.703	331.064	214.35	91.2333
218	444.703	331.064	214.35	91.2333
218.5	444.703	331.064	214.35	91.2333
219	444.703	331.064	214.35	91.2333
219.5	444.703	331.064	214.35	91.2333
220	444.703	331.064	214.35	91.2333
220.5	444.703	331.064	214.35	91.2333
221	444.703	331.064	214.35	91.2333
221.5	444.703	331.064	214.35	91.2333
222	444.703	331.064	214.35	91.2333
222.5	444.703	331.064	214.35	91.2333
223	444.703	331.064	214.35	91.2333
223.5	444.703	331.064	214.35	91.2333
224	444.703	331.064	214.35	91.2333
224.5	444.703	331.064	214.35	91.2333
225	444.703	331.064	214.35	91.2333
225.5	444.703	331.064	214.35	91.2333
226	444.703	331.064	214.35	91.2333
226.5	444.703	331.064	214.35	91.2333
227	444.703	331.064	214.35	91.2333
227.5	444.703	331.064	214.35	91.2333
228	444.703	331.064	214.35	91.2333
228.5	444.703	331.064	214.35	91.2333
229	444.703	331.064	214.35	91.2333
229.5	444.703	331.064	214.35	91.2333
230	444.703	331.064	214.35	91.2333
230.5	444.703	331.064	214.35	91.2333
231	444.703	331.064	214.35	91.2333
231.5	444.703	331.064	214.35	91.2333
232	444.703	331.064	214.35	91.2333
232.5	444.703	331.064	214.35	91.2333
233	444.703	331.064	214.35	91.2333
233.5	444.703	331.064	214.35	91.2333
234	444.703	331.064	214.35	91.2333
234.5	444.703	331.064	214.35	91.2333
235	444.703	331.064	214.35	91.2333
235.5	444.703	331.064	214.35	91.2333
236	444.703	331.064	214.35	91.2333
236.5	444.703	331.064	214.35	91.2333
237	444.703	331.064	214.35	91.2333
237.5	444.703	331.064	214.35	91.2333
238	444.703	331.064	214.35	91.2333
238.5	444.703	331.064	214.35	91.2333
239	444.703	331.064	214.35	91.2333
239.5	444.703	331.064	214.35	91.2333
240	444.703	331.064	214.35	91.2333
240.5	444.703	331.064	214.35	91.2333
241	444.703	331.064	214.35	91.2333
241.5	444.703	331.064	214.35	91.2333
242	444.703	331.064	214.35	91.2333
242.5	444.703	331.064	214.35	91.2333
243	444.703	331.064	214.35	91.2333
243.5	444.703	331.064	214.35	91.2333
244	444.703	331.064	214.35	91.2333
244.5	444.703	331.064	214.35	91.2333
245	444.703	331.064	214.35	91.2333
245.5	444.703	331.064	214.35	91.2333
246	444.703	331.064	214.35	91.2333
246.5	444.703	331.064	214.35	91.2333
247	444.703	331.064	214.35	91.2333
247.5	444.703	331.064	214.35	91.2333
248	444.703	331.064	214.35	91.2333
248.5	444.703	331.064	214.35	91.2333
249	444.703	331.064	214.35	91.2333
249.5	444.703	331.064	214.35	91.2333
250	444.703	331.064	214.35	91.2333
250.5	444.703	331.064	214.35	91.2333
251	444.703	331.064	214.35	91.2333
251.5	444.703	331.064	214.35	91.2333
252	444.703	331.064	214.35	91.2333
252.5	444.703	331.064	214.35	91.2333
253	444.703	331.064	214.35	91.2333
253.5	444.703	331.064	214.35	91.2333
254	444.703	331.064	214.35	91.2333
254.5	444.703	331.064	214.35	91.2333
255	444.703	331.064	214.35	91.2333
255.5	444.703	331.064	214.35	91.2333
256	444.703	331.064	214.35	91.2333
256.5	444.703	331.064	214.35	91.2333
257	444.703	331.064	214.35	91.2333
257.5	444.703	331.064	214.35	91.2333
258	444.703	331.064	214.35	91.2333
258.5	444.703	331.064	214.35	91.2333
259	444.703	331.064	214.35	91.2333
259.5	444.703	331.064	214.35	91.2333
260	444.703	331.064	214.35	91.2333
260.5	444.703	331.064	214.35	91.2333
261	444.703	331.064	214.35	91.2333
261.5	444.703	331.064	214.35	91.2333
262	444.703	331.064	214.35	91.2333
262.5	444.703	331.064	214.35	91.2333
263	444.703	331.064	214.35	91.2333
263.5	444.703	331.064	214.35	91.2333
264	444.703	331.064	214.35	91.2333
264.5	444.703	331.064	214.35	91.2333
265	444.703	331.064	214.35	91.2333
265.5	444.703	331.064	214.35	91.2333
266	444.703	331.064	214.35	91.2333
266.5	444.703	331.064	214.35	91.2333
267	444.703	331.064	214.35	91.2333
267.5	444.703	331.064	214.35	91.2333
268	444.703	331.064	214.35	91.2333
268.5	444.703	331.064	214.35	91.2333
269	444.703	331.064	214.35	91.2333
269.5	444.703	331.064	214.35	91.2333
270	444.703	331.064	214.35	91.2333
270.5	444.703	331.064	214.35	91.2333
271	444.703	331.064	214.35	91.2333
271.5	444.703	331.064	214.35	91.2333
272	444.703	331.064	214.35	91.2333
272.5	444.703	331.064	214.35	91.2333
273	444.703	331.064	214.35	91.2333
273.5	444.703	331.064	214.35	91.2333
274	444.703	331.064	214.35	91.2333
274.5	444.703	331.064	214.35	91.2333
275	444.703	331.064	214.35	91.2333
275.5	444.703	331.064	214.35	91.2333
276	444.703	331.064	214.35	91.2333
276.5	444.703	331.064	214.35	91.2333
277	444.703	331.064	214.35	91.2333
277.5	444.703	331.064	214.35	91.2333
278	444.703	331.064	214.35	91.2333
278.5	444.703	331.064	214.35	91.2333
279	444.703	331.064	214.35	91.2333
279.5	444.703	331.064	214.35	91.2333
280	444.703	331.064	214.35	91.2333
280.5	444.703	331.064	214.35	91.2333
281	444.703	331.064	214.35	91.2333
281.5	444.703	331.064	214.35	91.2333
282	444.703	331.064	214.35	91.2333
282.5	444.703	331.064	214.35	91.2333
283	444.703	331.064	214.35	91.2333
283.5	444.703	331.064	214.35	91.2333
284	444.703	331.064	214.35	91.2333
284.5	444.703	331.064	214.35	91.2333
285	444.703	331.064	214.35	91.2333
285.5	444.703	331.064	214.35	91.2333
286	444.703	331.064	214.35	91.2333
286.5	444.703	331.064	214.35	91.2333
287	444.703	331.064	214.35	91.2333
287.5	444.703	331.064	214.35	91.2333
288	444.703	331.064	214.35	91.2333
288.5	444.703	331.064	214.35	91.2333
289	444.703	331.064	214.35	91.2333
289.5	444.703	331.064	214.35	91.2333
290	444.703	331.064	214.35	91.2333
290.5	444.703	331.064	214.35	91.2333
291	444.703	331.064	214.35	91.2333
291.5	444.703	331.064	214.35	91.2333
292	444.703	331.064	214.35	91.2333
292.5	444.703	331.064	214.35	91.2333
293	444.703	331.064	214.35	91.2333
293.5	444.703	331.064	214.35	91.2333
294	444.703	331.064	214.35	91.2333
294.5	444.703	331.064	214.35	91.2333
295	444.703	331.064	214.35	91.2333
295.5	444.703	331.064	214.35	91.2333
296	444.703	331.064	214.35	91.2333
296.5	444.703	331.064	214.35	91.2333
297	444.703	331.064	214.35	91.2333
297.5	444.703	331.064	214.35	91.2333
298	444.703	331.064	214.35	91.2333
298.5	444.703	331.064	214.35	91.2333
299	444.703	331.064	214.35	91.2333
299.5	444.703	331.064	214.35	91.2333
300	444.703	331.064	214.35	91.2333
